task_idx: 2
size: 1000000
processor_id: 2
dependency: [1]
st: 0
et: 0.0061638223287336195

task_idx: 9
size: 1000000
processor_id: 2
dependency: [0, 2, 3, 4, 6, 7, 8]
st: 6.0
et: 6.006163822328734

