task_idx: 3
size: 1000000
processor_id: 1
dependency: [0]
st: 10
et: -1.100000023841858
task_idx: 2
size: 1000000
processor_id: 1
dependency: [0]
st: 10
et: -1.100000023841858
task_idx: 7
size: 1000000
processor_id: 1
dependency: [1, 3, 5]
st: 10
et: -1.100000023841858
task_idx: 9
size: 1000000
processor_id: 1
dependency: [6, 7, 8]
st: 10
et: -1.100000023841858
