task_idx: 3
size: 1000000
processor_id: 1
dependency: [0, 1, 2]
st: 0
et: 0.006986398690396771

task_idx: 4
size: 1000000
processor_id: 1
dependency: [0, 1, 2, 3]
st: 2.0
et: 2.0069863986903966

