task_idx: 3
size: 1000000
processor_id: 1
dependency: [0, 1, 2]
st: 0.0
et: 0.0069863987155258656

task_idx: 4
size: 1000000
processor_id: 1
dependency: [0, 1, 2, 3]
st: 2.0
et: 2.006986379623413

task_idx: 2
size: 1000000
processor_id: 2
dependency: [1]
st: 0.0
et: 0.006163822486996651

task_idx: 9
size: 1000000
processor_id: 2
dependency: [0, 2, 3, 4, 6, 7, 8]
st: 6.0
et: 6.006163597106934

